-2.6648142734503444 -2.784601581287272 -4.1787752604329889 -4.3141527883876609
0.79029857164106254 0.79672982022245742 0.87469031465668767 0.73527552096559701
0.61240106278039208 0.35244036170755461 0.78790383862688329 0.86655252900109336
-3.2227238113201651 -3.3440753282642444 -4.7303720783553205 -5.1317299553168052
-3.178435810882704 -3.4495344608864174 -4.3965685900069857 -5.1781928930979912
-3.0045972402649834 -3.5083717703237998 -4.5769939845324839 -4.9125715425090473
-3.1248764712875294 -3.5051158432621525 -4.513813350035913 -4.1168332481618002
-3.0228647194775218 -3.4848148234453591 -4.7299619702095272 -4.0696399136955659
-2.7753306809212943 -3.418431943035114 -4.6555012835696985 -3.677835329820426
-2.4564634925878268 -3.398528808175509 -4.4510725845002392 -3.8993615441383094
-2.5910033489137305 -3.3821685774415369 -4.1590635861833185 -4.7451871585570604
-2.5447599137171095 -3.3414600800648948 -4.507470682503727 -5.2093244102276781
-2.5459893426692077 -3.2309431378686226 -4.7696731933970673 -5.299475394062048
-2.9633378872817144 -3.217982053794473 -4.7446237611541529 -5.0524804529301468
-3.3794531731135411 -3.2071581910694635 -5.0219640740388067 -4.3593530285544055
-3.5863456708006662 -3.1945048429248959 -5.0197712920924955 -4.8245598226708371
-3.6232584993663037 -3.1259560747273545 -5.5143096006074135 -4.98192943838432
-3.4919618528877763 -3.0604716722835548 -5.5939713030836247 -5.4657106778396356
-3.2104886610731485 -2.9863707417125025 -5.5718883212987063 -5.5157635286256044
-3.0410648717935169 -2.9841508473073226 -5.2264242171576978 -5.1951634573640444
-2.7165707505521288 -2.9746225546882288 -5.1872460604024742 -5.3728469766088471
-2.5445432095620895 -2.9991469314604897 -4.9971142254378718 -5.0214363025341493
-2.4581112024330189 -3.0632589979079241 -4.6697995216504271 -4.5712711387753435
-2.3148002100313096 -3.1016541967363431 -4.0566515484059718 -4.9247915302031293
-2.6392529582529134 -3.0764981946249508 -3.658440152121464 -4.8036171164942481
-2.8991191495597413 -3.1468557018500154 -4.0708751857336809 -4.5884091910973686
-3.1514581944188667 -3.1621826203317358 -4.1589883810310226 -5.3681249068881831
-3.1741165988280913 -3.152337034077263 -4.7520939712946566 -5.9543579496830361
-3.2287145692769181 -3.1138829466702451 -5.1089147752926767 -6.1452564789307678
-3.2435169843394567 -3.027282531284595 -5.3228571965191378 -6.13614416876786
-3.0402750545538035 -2.9515019922554964 -5.5556894290070593 -6.0148620523292298
-3.0672484549890244 -2.9314250032261335 -5.4787181485272045 -6.022265146477964
-3.2227033570828594 -2.8068422370390969 -5.3186488861494743 -5.8462058626082465
-3.1767806246085368 -2.7403265861922943 -5.2029856970944879 -5.4108068448376976
-3.5411668202161057 -2.6559881877633171 -4.849565715768537 -5.6657923391272487
-3.7908234641865999 -2.6031913789173999 -5.1682763551495103 -5.6255661327721658
-3.8724854505855117 -2.6581042861440656 -5.1340224531169687 -5.1820701929710689
-3.8651740448620289 -2.8693186690998176 -5.4292955919175645 -4.3203321323703889
-3.8380156229945155 -3.0718470024599012 -5.42192460135254 -5.0161869859086528
-3.6793923684605034 -3.1786770037733496 -5.4612680353891925 -5.2631723481821595
-3.4132968077643162 -3.2190945286116444 -5.4170434174505528 -5.3292595743101181
-2.9798513188114373 -3.2381708170850181 -5.3061218948059228 -5.3379159817433157
-2.5821946573867449 -3.2259760220350309 -4.8636708433904365 -4.9817885370008286
-2.4423902254681025 -3.1288814582029603 -4.1864626132038039 -4.9001730706698758
-2.1706360920987566 -3.1324815815747051 -3.4625942326709809 -4.6155581274487698
-2.4345859371785532 -3.174197689167618 -3.1641646440197415 -4.5737902976887721
-2.4635190476498914 -3.2076137356232293 -3.5829259882597801 -4.5615534130749902
-2.3192670224323657 -3.2125678198133745 -3.9454867454244944 -4.245366502984651
-2.7274642626118055 -3.1881197252243667 -3.9359490294472903 -3.8899340240127431
-2.8542700776001499 -3.1201265861180443 -4.2776333635691879 -4.3810189890635627
-2.7418000687908903 -3.0625229052013099 -4.1991246703195575 -4.3368736801990133
-2.4665043654789667 -2.988775135300926 -4.5455956837750238 -4.4763663492146177
-2.4048611572335492 -2.8548093783536368 -4.928412621079632 -4.0601926855169577
-2.5018127137672042 -2.829888147472964 -4.9628759910027371 -3.7792500785455072
-2.77617905921222 -2.7525138593047198 -4.9321027391529242 -4.6676896524956382
-2.8017869420199109 -2.7769397788979946 -5.2696206257200089 -4.98828184284997
-2.8785301660856137 -2.7209699302131218 -5.3205998877525396 -5.0650677735739897
-2.9695873126287129 -2.7181429780921191 -5.9102966427413417 -4.7031024191914712
-2.7250695596802372 -2.7655382745802655 -6.1836282399713269 -4.1737937110228795
-2.5538691479956479 -2.7069070893994884 -6.2522015758577361 -4.3982694464929244
-2.4596494948782555 -2.7042948795182764 -5.9948592333506623 -4.6875702076737946
-2.4713214759063145 -2.641276300256211 -5.4520828829836958 -4.8181210318033871
-2.5916821609309788 -2.6565376946382502 -5.3463542411795988 -5.0093031152318392
-2.6671477393103449 -2.6895684629459709 -5.1498402666887282 -5.1082718164858845
-2.554701142123136 -2.8093788499844408 -5.0810992385475044 -4.857102218783897
-2.5318922605851175 -2.8993904388260088 -4.7381332001347305 -4.4574610217851731
-2.4401175400389516 -2.8630731753605687 -4.4365326175350175 -4.4267435865849816
-1.9962472829249776 -2.7982931794684753 -3.7455879080313932 -3.9420916248967921
-1.6482862885100251 -2.6467264183396479 -3.0531416317748596 -3.2707914982115804
-1.9198124995727093 -2.4689743859089881 -2.7841090357554217 -3.4293027053348277
-2.1800253558754594 -2.5734811203181325 -3.0860549801894757 -4.4330982857133518
-2.5851121403028801 -2.6645863624835084 -3.0788822802345832 -4.889947696402789
-2.7383585732426212 -2.6549038967037433 -3.7221690303297943 -4.989051525136083
-2.830973093815325 -2.7757348511651903 -4.3221719478911522 -4.6147509232417478
-3.0404058914009413 -2.789895123407351 -4.6665880942168307 -4.7052423044161813
-2.9724221680016965 -2.7044314691712303 -4.7784544083405356 -4.7733105769976092
-2.9496358203481217 -2.6041976880557032 -4.650668468984855 -4.4311312732943069
-2.7487809450687029 -2.3967540919432877 -4.4057726837232591 -4.4217636655584345
-2.3148172342521174 -2.4927618154534459 -3.8808539106696562 -4.1800904253576379
-1.9747765019999646 -2.4580352603668723 -3.1102950087182877 -3.4944897313034868
-2.3159007791780191 -2.39494353368692 -2.879847002509436 -3.2488100961469
-2.7598522993627426 -2.3836089089177737 -3.4142487211690553 -3.7997894470471021
-2.920052625202664 -2.4578882347375699 -3.4537387825653685 -4.2690931265101844
-2.8403835710565457 -2.5812618140906807 -3.9137539881993071 -4.4574937373091581
-2.9896325384849667 -2.5991096195495893 -4.3803678809373769 -4.6725429431356211
-2.9129026106443106 -2.6578469952787849 -4.8742616978108346 -4.4338995481923238
-2.907005301946707 -2.6932576285078746 -5.0147732251940669 -4.5482040305416938
-3.0012134739148948 -2.6375335898159533 -4.9925302952836184 -4.6692568174532356
-2.8680122855699448 -2.6481050447245211 -4.9410789692963695 -4.5306957610212457
-2.5131044287189663 -2.692733930465919 -4.6125610794312264 -4.3682547555723046
-2.5064288695026731 -2.76035553607199 -3.9883715403054252 -4.095739383119402
-2.2611102260978821 -2.8290572492859236 -3.4319638351984216 -4.1884771992686645
-2.4487951819860876 -2.8153643721129233 -3.2270727441567186 -4.2431562382942563
-2.4128625434758981 -2.7887222696062945 -3.6782860049840624 -4.4816548926855519
-2.4902208556281464 -2.6731167392457946 -4.024138999304971 -4.56847052935841
-2.6886605754243154 -2.5060960161424828 -4.3633627647202786 -4.6446031190157031
-2.6423551597651374 -2.4505845391205225 -4.5080806532844901 -4.532220658277919
-2.7440491655697894 -2.2998621123327458 -4.2908453530840553 -4.7714922197999172
-2.7322841794322605 -2.1357603614552931 -4.397101498267503 -4.3784175619938983
-2.5460963338893285 -2.0387556350836675 -4.0881473599544158 -3.5322930213776642
-2.102078064108293 -1.7792844699714117 -3.6533917952358439 -2.7720857229061999
-1.5227310774127383 -1.6750072318477101 -2.8813285457987998 -2.5249533256572274
-1.2653037081288692 -1.4611439807849407 -2.4220025523313993 -1.5519222447526284
-1.2311432500134956 -1.6539331393815406 -1.7306345150067366 -1.9213069255801896
-1.044200555969554 -1.93268507877341 -0.87733139849581276 -2.0743806578482538
-1.6279108031285112 -2.0630675136658674 -0.63760097121000958 -2.2558038384433812
-1.894346098011721 -2.1849187426212904 -1.0262686131133092 -2.9435183860859464
-2.1319002838295331 -2.2530412332286529 -1.3807129200369952 -3.795246398394021
-2.1871792425424541 -2.2182692715389498 -1.8904826088329849 -4.0874523177951181
-2.2938413483866742 -2.080096421099761 -2.4952220118765647 -4.199541440903686
-2.1836028993707846 -2.1717767928966349 -2.843785884454014 -4.6746998531225872
-2.3919260976318149 -2.218684762144659 -3.022031431670833 -4.8701292352886059
-2.311980126345639 -2.388483895641992 -3.6003854174886043 -4.756986977050131
-2.2356593593722289 -2.5809258454810964 -4.1317181512035335 -4.6136221362955849
-2.1951001971625255 -2.7105583296298668 -4.382685528283476 -3.9294026835284677
-2.4597607501273915 -2.8094054714563632 -4.4647167275118962 -3.9886201971997859
-2.4513922230604916 -2.8670942819148784 -4.9538934174144789 -4.5766413419223984
-2.4803228000622184 -2.8573334300298225 -5.168421895071468 -5.0032049386156219
-2.4672547853580622 -2.8207660890115536 -5.3333072929230791 -4.9258184769033173
-2.527926578834236 -2.7243599934453036 -5.2899435763117184 -4.6121135410801379
-2.8463370255256173 -2.6139609895698004 -4.8557983963085869 -4.3284544892508103
-2.9567814903250982 -2.5457252518708509 -5.0873975028955352 -4.4034830201081991
-2.9432312454572713 -2.6731884138636515 -4.8926281041849968 -4.1445402485269467
-2.7073315848003006 -2.6818886779696465 -4.8495741764513172 -4.4320299064165019
-2.6330720772979461 -2.6144379234440458 -4.559769527307358 -4.4113131562303547
-2.3771845475400708 -2.5903820165473146 -4.3178070844105267 -3.9940571800640647
-1.9662197302943856 -2.5861934889116069 -3.7717529721513272 -3.7437729035088996
-1.9025328133882573 -2.4798512982142271 -3.3101672612807116 -3.4823678244086858
-1.6644440199538686 -2.4145955675014399 -3.005211507435209 -2.6845381257881802
-1.534450188550925 -2.2281349572159561 -2.9077761517604768 -1.8905424409252534
-1.8762663483803275 -2.4523828128889744 -2.6026100522128832 -1.8183780523954181
-2.0250468825116452 -2.5381014752347122 -2.5679958024663838 -2.5078060634662216
-2.4337499987671753 -2.5942140980215762 -2.624016746070875 -3.5051502922116238
-2.7812061793962362 -2.6280464351150359 -3.178476982914141 -4.2359298596529102
-3.0393346588878281 -2.7085745359103024 -3.7006631217571466 -4.5317828460940461
-3.0645176460378991 -2.7097753896761785 -4.287838867108583 -5.1207859568852214
-2.9292484642474053 -2.7128252104867161 -4.5544831151898437 -5.4053542637223106
-3.223344680850881 -2.6165792510824124 -4.5696496500685262 -5.4292577807868065
-3.2342096584592097 -2.540516661011055 -4.9782998446572506 -5.1920543070212837
-2.9933512501692454 -2.5225393037032333 -5.0184644919063386 -4.9339761106897866
-3.1832618414381786 -2.6070917022285918 -4.7048710902164306 -4.6258969456155787
-3.1799109860570201 -2.631303091778546 -4.6838252201527819 -3.9719099723809674
-3.3128827008136525 -2.5519584578233352 -4.5481103683912751 -4.2153438532041001
-3.3823820908979756 -2.5980116797050217 -4.9991731435111548 -4.4995954129685414
-3.3858057217342004 -2.5721591689560954 -5.1305896232821242 -4.7099696105905275
-3.2715677439131707 -2.4403526346443298 -5.4876385810429609 -4.9553092646592969
-3.0083795857419848 -2.4197445812682665 -5.6760076717447863 -4.9154508752335708
-2.9898752435954994 -2.4413845203290396 -5.5524064702827438 -4.9810741845675981
-3.1025997770693095 -2.6129583926928519 -5.5190527813086856 -4.8856906193888072
-2.9577097651670359 -2.7853681935576575 -5.5442313036010384 -4.8769699917811336
-3.0640256801756127 -2.8756634233854017 -5.3262555879379816 -5.0031864620939936
-3.1116267970945972 -2.9376461493297956 -5.714554230000088 -4.7109255028675046
-3.1447977111151242 -3.0173117851054498 -5.7515179800963683 -4.5500656365793439
-3.4466670308182361 -3.1465674504799215 -5.6246777303720181 -4.2544020473287594
-3.940644290090098 -3.2299808013710094 -5.6428979675907698 -3.8954474559719845
-4.2071579401101769 -3.2714144310664186 -5.576896189385943 -4.5312899851305408
-4.3526294581801954 -3.3872033214105914 -5.703121360583463 -4.7093407929075815
-4.38865791231978 -3.4769657699899601 -5.8208679762756841 -4.4166263583650576
-4.224785273373608 -3.5700886222624848 -5.826753657884205 -4.6612427671329595
-3.9736735032814741 -3.5835482976178774 -5.813179352446622 -4.4521750598019221
-4.017268947172826 -3.5975154609007078 -5.5792895322649789 -4.6551293401895277
-3.9866984642305607 -3.6021029829354241 -5.6803258891534147 -5.185644219993371
-3.9392485587439885 -3.6650849976471713 -5.6885600561829222 -5.3126740868177436
-3.6717847752029331 -3.6637652681555166 -5.9034742871574952 -5.4599996299307287
-3.2523141450573618 -3.6552839345772088 -6.1592060639688571 -5.137682800002306
-3.0058912226921648 -3.6619055737022941 -6.1006975464146436 -4.778311159078199
-2.9057312800253192 -3.6645502557236367 -5.7971733635726785 -4.6290200769027328
-3.0921522100250001 -3.6160723033163751 -5.2253041661059836 -4.7717099503439124
-3.1383926190010571 -3.5241269265477961 -5.2582537326740235 -5.0358449110008898
-3.1573616072021333 -3.3861074267240601 -4.9291265400016462 -4.8434441499380494
-3.0449567040132868 -3.2339428929863625 -4.8043472191662318 -4.2256779433645564
-2.6206130697282028 -3.0552738112383349 -4.4096443434295409 -3.4965738319987136
-2.6826585909394369 -2.7655397542872886 -4.0609770796419813 -3.488624526854236
-2.5152245329849792 -2.7558104615281684 -4.1284444986422244 -3.8832095626645788
-2.2001713778217269 -2.7238569733961762 -3.7870625211398483 -4.2359246947900058
-2.1815199035979074 -2.6212613999809746 -3.2713376362466988 -4.1538041605320482
-1.7963478961953132 -2.4495137202645436 -2.8730119323899204 -3.6903377527649051
-1.8749961126862411 -2.3363099927472852 -3.3897229321546201 -4.1003399592026959
-2.3835142544488992 -2.4818769130206797 -3.8741059027402445 -3.899750177983663
-2.7495388600952282 -2.5820453637815053 -4.1082567845351781 -4.6209163295132978
-3.0746102639217963 -2.681629716727314 -4.5628701073344633 -4.8502179798121894
-3.2401736307893549 -2.6770922497286564 -4.9963791049356683 -4.7473033880063049
-3.2229766417950789 -2.6563794869405477 -5.1189132881383452 -4.1898426582461434
-2.8876491949591516 -2.6016488039765693 -4.9262630562607468 -4.2120794370221963
-3.0264058442463111 -2.4858952365616855 -4.8176682868296661 -3.9915363844498191
-3.2291244009892108 -2.6516024844455335 -5.022337865579046 -3.5436369506080929
-3.2164151595324055 -2.7278066831230032 -4.9275543798039969 -4.4779850860746828
-2.9460332573939958 -2.6882441910429091 -5.080543404163782 -5.0196974674563632
-2.8491935364080319 -2.719013332849447 -4.8708726802934965 -5.0460644845839537
-2.7167935280332665 -2.7009765678031759 -4.5618773037824596 -4.7432313824171191
-2.8925524902225197 -2.7342213240860871 -3.9981915194007085 -4.0067769131269912
-2.8148578248507214 -2.6996959332589068 -3.8389992870351821 -3.949161421768788
-2.9463714950005122 -2.7523899145199153 -3.6514640926136881 -4.0021606058980881
-2.8544602333216806 -2.7638922909927439 -3.8014243147816953 -4.7100046432945799
-2.8565766365922616 -2.7542288794802361 -3.6537149858755891 -4.9694041010336116
-2.6867011096882485 -2.8577866001065955 -3.5521809260528783 -4.8800419021850141
-2.9346335037414355 -2.8994784225137575 -3.637048149179952 -4.6716069154222595
-3.2057843512785849 -2.8924534970696993 -4.202450496462208 -4.726963109546392
-3.3316951259814465 -2.8242249033409217 -4.4511997934883745 -4.6388880187324801
-3.3831666228288109 -2.703719806880633 -4.9082197930723286 -4.1709018194426122
-3.381270093529757 -2.5509762107624643 -5.1097429026162962 -3.8892051128163145
-3.2262607067064426 -2.6580755859675604 -5.1154247722305843 -3.7823599339064558
-3.4856043893226518 -2.6767927935712374 -4.8398044424027091 -3.8918799123948786
-3.6223895762347098 -2.6099302483524118 -5.0579070135272497 -4.0231712856542208
-3.5442778533263244 -2.7505042743318602 -4.8794835683853375 -3.9846289734291553
-3.2371216813799104 -2.8926510126142988 -5.0150027828310177 -4.2911373676981333
-2.7302722774624177 -2.9646958759325064 -4.8116832995618228 -4.4076362415246866
-2.6788237129528083 -2.9898711725717195 -4.9512090617800943 -4.4526320353850029
-2.9368609369692917 -2.9608194912124359 -5.1183559212140475 -4.2914616956685707
-2.9715664194553599 -2.8375530563353166 -5.4182238731401871 -4.4350251625875474
-2.8958187556140209 -2.8703035427764045 -5.6157734519449773 -4.6611357932289028
-3.1287695786508816 -2.8594094230733935 -5.5421472208530531 -4.7826559022199584
-3.1912533097984253 -2.9118193625667534 -5.6457945676847023 -4.461065856403593
-3.0073367734438512 -2.912230457606511 -5.650738568500465 -4.134886257519546
-3.1477722198301628 -2.9986910792778714 -5.3411444213887389 -3.9368507412514235
-3.050752162561559 -3.0236799031669963 -5.4738307573472271 -4.6324293548311326
-2.8321365566443752 -3.002141812299707 -5.2905780973605365 -5.0389200216706973
-2.8255421789524444 -2.9125741574711403 -4.7562253702441426 -5.0888734574091599
-2.6709232222468939 -2.8383480684058191 -4.4024135894970549 -5.4323617556863342
-2.6308467856983664 -2.8375458663645854 -4.1998351894489652 -5.4123713652452379
-2.5869383785540641 -2.8880346578890874 -4.4730849819692926 -5.2103176454213704
-2.5715977141241857 -2.8649587418791618 -4.660300448303909 -5.1721937873889301
-2.5823410521636583 -2.7619631914476344 -4.7637832200035568 -4.7624135660646578
-2.4729331145627826 -2.5795200920011485 -4.6423785555369825 -4.1058105918351844
-2.518883679951101 -2.6441977785192572 -4.4447032235704729 -4.1050532577759578
-2.6321774878171769 -2.7277604338410288 -4.4934975142750622 -4.4973316084823276
-2.4641707494264922 -2.7089109124846833 -4.2000715769069581 -4.603738877571959
-2.1062858082199858 -2.7023935429380432 -3.872862316602903 -4.2890480555746979
-1.6545123463268947 -2.6544517962634795 -3.2115472188808942 -3.9714724639430883
-1.3897733468840032 -2.6842196304773274 -2.9234971031153263 -3.6114365186595418
-1.5242146922694519 -2.8018147330806471 -2.9580282458414673 -3.7273462630948395
-1.7213012237570458 -2.8605724233006722 -2.7749541867697065 -3.3379968458759697
-1.7129680155415534 -2.8967508666783246 -2.8389948134383278 -3.4653746148919304
-2.1426849394983662 -2.8537950498292477 -2.6202632664838919 -3.7548606787210885
-2.3248584163263923 -2.7747117016266709 -2.6939094692788488 -3.9352982242777808
-2.3425082149055187 -2.5828228163026985 -2.5699826867347846 -3.7587635064859497
-2.1558334746049637 -2.5698941152593666 -2.2656790018545139 -3.3486783430300338
-1.6066960028986577 -2.4722350077508328 -1.5215625608003038 -2.8629897899243004
-0.87987208130695604 -2.2878942142280945 -0.40797515854822425 -1.6968009623729077
0.096926737148043937 -2.1887939768700488 1.1182746127022503 0.083455891079744479
0.51438640885508924 -2.1085737397300464 1.6605075542525092 0.55009656683768382
0.26236924559802044 -2.2212354415827438 1.1101635676568429 -0.35650992726843894
-0.22594428915399417 -2.3784369911233894 0.31504270762352404 -1.5368590025483877
-0.73998253780909451 -0.86948363844058973 -1.219579073615338 -1.2393100532120438
-0.46370566385952405 2.5138738988464238 -0.93540884327074969 -3.3436119493980048
0.5368759306660752 -1.9574170927407351 -0.30615089271856999 2.8223402781662812
