-2.672374835043656 -2.7891826603957828 -4.1640101780809591 -4.3223364427637119
0.78332370565707943 0.79271418986375608 0.86996487649748 0.73252469596116798
0.62765118557001343 0.34758581850547898 0.79837967524221465 0.88349254751352235
-3.1985133376131567 -3.3565917386485578 -4.6404629797050783 -5.1639793663798894
-3.1535858638850711 -3.4600541957547435 -4.3752522136600858 -5.2174641089966336
-2.9770477432364055 -3.497295253353113 -4.5135442855547394 -4.8938243796150038
-3.1203031869481648 -3.5036931814895116 -4.5278023075405702 -4.1319164131827462
-3.0207829719717978 -3.4763520401533787 -4.7697236878514362 -4.0914043140099583
-2.7783379752628301 -3.3921536301277526 -4.6786014394959885 -3.6595911620212216
-2.4702029929775744 -3.3663462786775566 -4.3654219359234583 -3.9357746332415133
-2.5993962384263201 -3.3536617276311897 -4.1513002918884849 -4.6989568249951565
-2.5859319488400008 -3.3006754342535114 -4.4824127011800057 -5.2331702721022797
-2.5372545585052344 -3.216948105044545 -4.7599110843923258 -5.2939174130545297
-3.0009602698239619 -3.1644854075458753 -4.7402960141020634 -5.0394950384739934
-3.4079137608201582 -3.1940705965270091 -5.0339932918292538 -4.357422307346174
-3.6110894201219916 -3.1579069016172148 -4.9848843357505777 -4.8503335297353702
-3.6364826494093268 -3.121498896891779 -5.4788027852840333 -4.9444142360282513
-3.4785880840629555 -3.0254053751648375 -5.6023918173585123 -5.3863601397010328
-3.1862719905885104 -2.956049294373325 -5.5937910544658243 -5.5493603434629506
-3.0717813985597697 -3.001692428302726 -5.2292303466450933 -5.1687566426682574
-2.7102329580170363 -2.9666032131620392 -5.1892805568455138 -5.2746227823603791
-2.5077941432690714 -2.9670865889682685 -4.9710730532037806 -4.9920112026817645
-2.4131556518027559 -3.0237832571291641 -4.6189155515434503 -4.5555999368130555
-2.2888067876870481 -3.0646001972459742 -3.9918037199111978 -4.8807026134394116
-2.635438903650615 -3.0551922987000424 -3.6432540719250315 -4.8205373591590615
-2.8839559143262266 -3.1286023999501977 -4.0019797938818478 -4.5627226537791472
-3.1338858308530648 -3.1315413949083082 -4.1351536420115371 -5.4196200803297527
-3.146994686607167 -3.124559802496742 -4.7898783783520367 -5.922251957851917
-3.1934389744656935 -3.0778969652926222 -5.1442632969949784 -6.0965034482910916
-3.2568558578274858 -2.9669860260009293 -5.3297728211348812 -6.1008552168325494
-3.0873977402174178 -2.9330772031891903 -5.5833413993231087 -5.9841054874010764
-3.0903098392579582 -2.9062643427788966 -5.4596592732424307 -6.0417191827164958
-3.2519074448618626 -2.8001717566106246 -5.2680511263678165 -5.8644290163674571
-3.1919203050132916 -2.7441510960845612 -5.18406347600855 -5.3769738138041436
-3.5316736018114248 -2.6712381688208038 -4.8267572977566946 -5.6789448154500155
-3.8188443795095992 -2.6237259715495882 -5.1606805835474114 -5.6000512754913707
-3.9586217895283404 -2.679515782644867 -5.1268860189790679 -5.1785914567549689
-3.9425594857965427 -2.8779470332207424 -5.4027273843648853 -4.3159411574706841
-3.8764622130982933 -3.0610770689648574 -5.4430566579538624 -4.9857278476733642
-3.7189882455922478 -3.1817807950571777 -5.4535803855076503 -5.1793642007797933
-3.4384729545995358 -3.2342621581306141 -5.411707773289014 -5.2539548901359812
-2.9773822377572658 -3.2633372384176389 -5.3314125995612942 -5.2682337325930568
-2.5701952726784034 -3.2417914945448416 -4.8674397109440708 -4.9751000787950357
-2.4285833207907981 -3.158219868994486 -4.176462208956873 -4.968299609337671
-2.1654371206982423 -3.1370192763100193 -3.4853135393204702 -4.6399575467919538
-2.4694070141015549 -3.1606794324915013 -3.1187236855300875 -4.6211292457552835
-2.4914451775529329 -3.2034416641181438 -3.5330526400254159 -4.6159007836270751
-2.3107646052233757 -3.2096649018757843 -3.9058423883311537 -4.2247884524934243
-2.7311207510309043 -3.1867345362180699 -3.9259844650924292 -3.8526798620383165
-2.9094657242606625 -3.0968574393620991 -4.2347144934725121 -4.3095797296253577
-2.8067717699714407 -3.0487223360379949 -4.2023062556523616 -4.3042578826733751
-2.5060357539200231 -2.9581938417392655 -4.520556154474372 -4.4800457980865644
-2.4029765875128493 -2.8250244191252363 -4.9016520023405414 -4.1101832158963125
-2.5169318212719793 -2.7813515933916042 -4.977494544102071 -3.7850744295262735
-2.7750680025179948 -2.7171864754600406 -4.9634416078750796 -4.6742819023090281
-2.7775429449578888 -2.7598675232621481 -5.2999957384469392 -5.0316967389017195
-2.8630388433063496 -2.702432714492693 -5.3438026626497894 -5.1071664415167017
-2.933700137555951 -2.724136411388312 -5.917517988907071 -4.7367602870711769
-2.7454355270236266 -2.769730367174486 -6.1755377536366254 -4.1928085455845778
-2.5773792578658772 -2.7052234780415456 -6.2349742118078568 -4.4227993767769576
-2.5118060419323287 -2.7143283955676494 -5.9436760379024225 -4.7823770354993291
-2.5420739038120166 -2.6289985219015852 -5.407738097542933 -4.912975590513013
-2.6875552305814696 -2.6577549503383548 -5.3224482767888963 -5.0068687937899297
-2.7677157510483368 -2.6781625050401319 -5.1459636736372838 -5.1082882915837011
-2.6190451325737176 -2.7818145672752306 -5.0797805241201273 -4.8532117691079035
-2.606839338325976 -2.8184358226806285 -4.7100518861686513 -4.4541300667668624
-2.4696410281170009 -2.8165622957928447 -4.4004625961636012 -4.4791585819809017
-2.0271188710751682 -2.7540270222177266 -3.7694440192721088 -3.935448005187419
-1.6941140548575149 -2.5838939391486897 -3.0558913140490556 -3.2340674931337938
-1.959899185033632 -2.443038014491894 -2.8089988314208392 -3.3835880891398809
-2.2348299983950364 -2.5508956360492063 -3.0724116836714019 -4.3769454735520297
-2.62633856667598 -2.645464155650032 -3.0612863475801566 -4.8411087832129525
-2.7497757979595203 -2.6431686996477071 -3.7293223815821763 -4.9224510697681962
-2.852002700394785 -2.7297809088930776 -4.3010898091816161 -4.6116502190263811
-3.0329115745794968 -2.7344539737902371 -4.6650681009500152 -4.6868449657550668
-2.9889383460472381 -2.6860929888922396 -4.8238683059263927 -4.7658305443420117
-2.9635638157897208 -2.5891212181232848 -4.6673524589853193 -4.4145286785026725
-2.7542116053431491 -2.3740100716803392 -4.3891131045910212 -4.3655298319865832
-2.2908471202182028 -2.4612740811030283 -3.8709472836501497 -4.1470107178198914
-1.9348464728186492 -2.4459162903711595 -3.1155052940940711 -3.459274788041343
-2.2682328116251158 -2.3889778610978629 -2.8871450186032264 -3.259848139457223
-2.7379481419624141 -2.377019904928046 -3.3214608240601815 -3.75934668640144
-2.9327562690184501 -2.4566391236056964 -3.3785238948233558 -4.1888886231097073
-2.8711135420323246 -2.5716379486293883 -3.846005150193843 -4.392647116252232
-3.0618071161211065 -2.5845578193323302 -4.3274624437322755 -4.6322244374479826
-2.9470666188559345 -2.6577866195321795 -4.8287872950711277 -4.4354144579393679
-2.844361959539663 -2.6866070698109943 -4.9635318717166044 -4.6068652478789565
-2.9678325949486006 -2.6253149370234437 -4.9523631978551768 -4.6867532984899833
-2.8404724634607499 -2.635182955758419 -4.9158630152926683 -4.5781855418089004
-2.4958363056989024 -2.6676030961840658 -4.5453639084230941 -4.4665915670771268
-2.5220440086501763 -2.7397614619463329 -3.9539818053227802 -4.1106287223132112
-2.2710812817574149 -2.8167836226226215 -3.3832798811134364 -4.1898248894989099
-2.5140029754533479 -2.8336933637089525 -3.2083286800527522 -4.2230956167340494
-2.4872864289229009 -2.7907328269605727 -3.676152857805957 -4.537835306660579
-2.4913863707778332 -2.6604943519264821 -4.0319489686874848 -4.6101324070358674
-2.7310137603838078 -2.5164795703980753 -4.4273281324093015 -4.7352028563412096
-2.6815958342913921 -2.4580929162693397 -4.5410503110647369 -4.6086918955170084
-2.778130964869284 -2.3013116891392102 -4.360420097903833 -4.8507905086514489
-2.7890508984130942 -2.1518404029883684 -4.4417589118683756 -4.4602293751569126
-2.6064127329264619 -2.0484397480317829 -4.1644868976836129 -3.5670775470071265
-2.1525402665438347 -1.8058105608307529 -3.7379766697437606 -2.7541919890662863
-1.6094126770243338 -1.6955651334505717 -2.9758385348296197 -2.5027252646210743
-1.2726125269142252 -1.476718346266751 -2.5043426554792885 -1.5161781535941958
-1.2051776947500825 -1.6833085023630776 -1.8252569624416859 -1.9079783720583012
-1.025172112640357 -1.95863148938399 -0.9036815640740663 -2.0539650257522735
-1.6569597495624602 -2.0955837494823695 -0.62852777402054161 -2.2550857392328778
-1.9696894256073978 -2.202274888046555 -1.0252944772308883 -2.9488611534665203
-2.1874799846538515 -2.2312019677413155 -1.3528653674420819 -3.7491796100445449
-2.1993307166689586 -2.2334794701905021 -1.8832215120453901 -4.0509344303700914
-2.2776431394232817 -2.095242974737749 -2.5085200240634036 -4.2214346269026635
-2.1378678214751115 -2.1725667305360656 -2.8220569343674988 -4.6954415388212851
-2.3295273332700206 -2.2328601942901618 -3.0232017083511962 -4.8934740332436819
-2.2550792434024984 -2.4058584207919567 -3.6164687884691609 -4.8555053056915938
-2.2197129706992316 -2.6038822296849204 -4.1633764666754391 -4.6725612960381397
-2.1902197510424903 -2.6905831126552533 -4.3994044561224124 -3.9524977111356407
-2.4891812559173658 -2.7526760403338399 -4.4310387398658637 -3.9772681346354455
-2.4811985813628379 -2.8380163336806468 -4.9183254138254853 -4.5655852587628551
-2.4439869783057055 -2.8558647360529865 -5.0688317395559599 -5.0053205305598949
-2.4670077809798467 -2.8274737149290941 -5.2339486893473914 -4.9385464557380621
-2.5045916135888362 -2.7106856587949579 -5.1878941174581268 -4.5931947661390984
-2.8668468240178338 -2.5667076832628024 -4.8183659549648494 -4.2469720944829428
-2.9557703538066513 -2.5093022972438863 -5.0477079448244693 -4.3819059066008199
-2.9065308796912053 -2.6468363886047643 -4.9422061304689411 -4.0978160780050921
-2.76373339684557 -2.6707669927736428 -4.9164390320011755 -4.368822015279318
-2.6976770654457276 -2.6229572313929328 -4.5686215488321533 -4.3248530010093171
-2.4364060063035402 -2.5913931392282485 -4.3474039060927723 -3.9746277593555011
-1.9935422204962709 -2.5677574982725893 -3.7415153576802114 -3.7623569964815236
-1.9245261499147057 -2.4748095213478596 -3.2928042207448018 -3.5466945971929897
-1.6605941638562449 -2.4095697690729798 -2.9919037723210375 -2.7662331558605273
-1.5437618197647682 -2.2131192769032477 -2.913126833657814 -1.8782419157650283
-1.8684334331763133 -2.4403698090041712 -2.6173332152116151 -1.8105704188042147
-2.0350667937923106 -2.5302113777568542 -2.5620848556887799 -2.5201260919835859
-2.4104413000540323 -2.5746254400696964 -2.6287795918131347 -3.4780771931908565
-2.8081668494547447 -2.590894610095468 -3.2566050756483285 -4.310620903940249
-3.0767236546214427 -2.6690983289725878 -3.7593528097481776 -4.5795936556977486
-3.0799179354175612 -2.6722400110446034 -4.3873711968575995 -5.2189504926505856
-2.9327457566797603 -2.6787295313939032 -4.5758605696974257 -5.4558205004656442
-3.1798697669355525 -2.5814269783253372 -4.5881978038615632 -5.5041669459269968
-3.1813890961452294 -2.552743428106595 -4.9675478403211368 -5.2428351093586656
-2.9066649715683495 -2.5340741657165893 -5.090298845008582 -4.9373033368110262
-3.159675806114421 -2.6049885648416531 -4.7508184861233049 -4.6203494002973828
-3.1264746778259762 -2.6292438248971512 -4.7246311095989313 -3.9547983977873629
-3.2950659436715735 -2.5465800853701412 -4.5451096119317871 -4.1754187528326172
-3.3381575723741155 -2.5785231027125124 -5.0214032037005509 -4.4861569843054792
-3.367882765767531 -2.5269831466900161 -5.1283863758001891 -4.7178330994879323
-3.2672404854985468 -2.4022852136002233 -5.5203233528304834 -5.0086481868194763
-2.9948434575854943 -2.4103375452879003 -5.7067333673670371 -4.9959752264987669
-2.9664313457971621 -2.4170875800080829 -5.5635143631698982 -5.0599546900266521
-3.0793095287992798 -2.575842254238268 -5.5040934240688788 -5.0101824683862448
-2.9574838425555239 -2.7440114233418744 -5.5586140807610001 -4.9726635225993094
-3.0459915657181433 -2.8508154542943123 -5.3217534801341824 -5.0599641629208634
-3.0326792840923633 -2.8971015989366116 -5.6755022721981119 -4.7477634109683233
-3.1168623578226549 -2.9722322714370066 -5.6651660164489011 -4.6018793790557133
-3.3878454800278637 -3.1257900565632828 -5.5845296611787312 -4.2534523051593363
-3.8817212673769435 -3.214092144051822 -5.5536262007240129 -3.8838769636531474
-4.1973021511496924 -3.2556611634051418 -5.5444337479881911 -4.5350165324318956
-4.3397864105986237 -3.3409674837274128 -5.656050194200307 -4.7338547600338341
-4.336776140820513 -3.4353916414583945 -5.7561500349385355 -4.4075543340705323
-4.2065306261743789 -3.5020915866883713 -5.7760185102838788 -4.6073362842085057
-3.9022406707445749 -3.5450734445106491 -5.8245528517776748 -4.416543417689482
-3.967222751074662 -3.5528148056444766 -5.6211456377832336 -4.6263570181038727
-3.9644271003011133 -3.565040383673328 -5.7324249595063161 -5.1811121288745241
-3.8981671781484697 -3.594288492970628 -5.7218394487644701 -5.3057271463940303
-3.6730950490276757 -3.6317103144671319 -5.9539070025973038 -5.4486340866018521
-3.2558506616937617 -3.6315650224771741 -6.172807435734466 -5.2068976729756198
-2.9468951373375387 -3.6119067052015943 -6.1385400300247532 -4.7600609559816878
-2.8791619172473073 -3.5954325991110352 -5.8213740014967152 -4.5924072901968973
-3.1289356458666924 -3.5632442653630538 -5.2076062062080073 -4.7254821976794883
-3.1684607096241328 -3.4846732857075242 -5.2199065216972018 -4.9880121315285209
-3.2073868875739122 -3.3780036970097527 -4.9663149289169848 -4.8342216436512073
-3.0509598892216343 -3.2337148731837213 -4.8336024467178813 -4.1863257072334168
-2.6390315095397194 -3.0427319061258591 -4.4251741510998306 -3.4355616991798121
-2.6369604468109547 -2.7743675637171763 -4.0136195012774101 -3.4205052250893826
-2.4767019736818487 -2.7444727920109662 -4.0728658614588875 -3.8705430364822089
-2.1227575157950875 -2.6935232759139494 -3.8052883216882614 -4.2991425675181976
-2.1085715591574021 -2.5904437455613745 -3.2664047364892106 -4.2250488714502268
-1.7915772061945885 -2.4494825663768895 -2.8568054071372044 -3.6781590895913205
-1.886218047365674 -2.3731058132251599 -3.3657184982625972 -4.0392673300638942
-2.3569890838469361 -2.5088755762904351 -3.8466292847561609 -3.875638613180445
-2.713936332116023 -2.6261683826513189 -4.0880703976118271 -4.6330604476967636
-3.0476233298491273 -2.6882200167320502 -4.5313829150341887 -4.8990857366427578
-3.2141770977260169 -2.6817207383528934 -5.0098267802038929 -4.8087057340164483
-3.1649048905385166 -2.6958677770734156 -5.1171431063635611 -4.2536306945859392
-2.8898832777768226 -2.6158409166188927 -4.9407902216210422 -4.2457167966455733
-3.0368962789399494 -2.479137150283699 -4.7987970218173253 -3.9654198786105641
-3.2408177798190305 -2.6448449133870766 -4.9879593910305111 -3.5390965168672373
-3.1991291783918276 -2.6998517614976048 -4.8931207488570303 -4.4452005182034693
-2.9293177473472336 -2.6704088898683898 -5.0363576540316704 -4.9990458425864945
-2.8474024894546859 -2.7102075699933525 -4.8677896924415727 -5.0105342276067413
-2.6938285682845051 -2.7021219572423396 -4.4975305905139233 -4.708758411660722
-2.8663881369893529 -2.7241417199889599 -3.9621169371732106 -4.0387257036486801
-2.8308666734076677 -2.6733449113065149 -3.8333500459463639 -4.0174403617554635
-2.9362613086445868 -2.7471479864761212 -3.6724445884128261 -4.0029784888501041
-2.8499345981798516 -2.7388429688233393 -3.7729865821675408 -4.7379141607390398
-2.847356755685742 -2.7187777712230767 -3.634819965226753 -4.9859653288282981
-2.6869090955074797 -2.8357469972699523 -3.5442899511460992 -4.9007860505878025
-2.9318044457209225 -2.8507667759528954 -3.6514297568222687 -4.6976472205656981
-3.2368815857564686 -2.84389758184903 -4.2357602109347061 -4.7505327718060739
-3.3251498529489596 -2.7765205302482325 -4.4733038378047505 -4.6996577062716662
-3.3352818266966713 -2.6677167048519763 -5.000046185888344 -4.1534361048894439
-3.3025520826659247 -2.5300159303083922 -5.2107251518570141 -3.8845661733349899
-3.1407921313448743 -2.6520235941933783 -5.2000063231100091 -3.8067046445496668
-3.4169428087873861 -2.6755003435670783 -4.864697212704419 -3.9543044165576813
-3.5613415918096352 -2.6020599097654702 -5.0845992053739124 -4.0370911675213321
-3.4817906399400345 -2.7462869818958695 -4.9373783069270214 -3.981154045952251
-3.1820685761136134 -2.8707026741510457 -4.9949923556434257 -4.3191694176832796
-2.6811158840131886 -2.9479601271632432 -4.7961550411058465 -4.4728567293616646
-2.639341133158728 -2.9871159169095138 -4.907927363083382 -4.4767479483899351
-2.8976752229517002 -2.9419034910695481 -5.0364946265185884 -4.2296641154726835
-2.8976809887714787 -2.8391314427379077 -5.3770413811853066 -4.4583115186473243
-2.8751271456304255 -2.9080813515207158 -5.5639785945458611 -4.6836291960823964
-3.1330189107555735 -2.8995102180220678 -5.5015800443214742 -4.7929646622948541
-3.2191508154308179 -2.9357791618371314 -5.6587429011548123 -4.4930336784176381
-3.0310120976380333 -2.9315865891526496 -5.6536057629679197 -4.1170836907361199
-3.1793054156003255 -2.9915970205690887 -5.3441946329630552 -3.8836676497784475
-3.0650912312104239 -3.0345880879385345 -5.4642829716609693 -4.6054286842217769
-2.7999136928827597 -3.0054076470515243 -5.2425597027610049 -5.0366025389497269
-2.8438670639376968 -2.9103175837746229 -4.7032236781986709 -5.1341432380252519
-2.6637939756381002 -2.8668730218550693 -4.4051175426353533 -5.4613388952618731
-2.6575914748643905 -2.8438875111850539 -4.1780831995990937 -5.4062290559866968
-2.6109890054637055 -2.8933514186803015 -4.538674615388695 -5.182157916286652
-2.5755143366921889 -2.8625225678325807 -4.6976049975621663 -5.2047957039126649
-2.5782620289025728 -2.7660219708132541 -4.8025816194851432 -4.7630087570084614
-2.5150776278262699 -2.5881518130865833 -4.6822843145980908 -4.087883359890399
-2.6215117824970622 -2.6783079513152108 -4.4361364147635047 -4.1326775729583298
-2.695985265338297 -2.7560444281332899 -4.5061906125160807 -4.5334228381498738
-2.5487457267376534 -2.7262156172913969 -4.2507139703658225 -4.7213350069796443
-2.1148576533394636 -2.683707876787349 -3.8862855763209785 -4.3375966966072994
-1.620682885159626 -2.6271682336382609 -3.1985229532248578 -4.0142761546084218
-1.3416444127559095 -2.6758101742811484 -2.9041214404548765 -3.5716837080275279
-1.5300338934065774 -2.8036393410772376 -2.9847754120897618 -3.7162873938784777
-1.7934515366069153 -2.8462330566977201 -2.7640830884481464 -3.3490897675732647
-1.7584931992925599 -2.8706368025826037 -2.8206589191442926 -3.4300272699580572
-2.1730545256461222 -2.8417908715370799 -2.6321658737726921 -3.7363529850089914
-2.3602225228504143 -2.7434412990924533 -2.6925001542016425 -3.8957792016473651
-2.3834972833739867 -2.5760225070396174 -2.5852608026131532 -3.763196311720808
-2.147807671888923 -2.56854624688747 -2.3263818485428556 -3.3511103477774489
-1.6623499851051056 -2.4729788275604538 -1.6161712710813854 -2.8403447269430622
-0.88298381224464995 -2.3111448975471864 -0.45942017867473639 -1.6595950905448562
0.097781030185548734 -2.227509916745964 1.1077565299656822 0.072864317134827827
0.55273020774203718 -2.15225562481444 1.6741714406678538 0.56855969068618561
0.28957319821988498 -2.2350477555123112 1.0681435115546718 -0.31580832507563633
-0.21335587313069163 -2.3770749827122652 0.27911935987576647 -1.5361863725607321
-0.97233503909509589 0.13030122641696021 -2.3841730200059463 -0.57519516437150142
0.4043781333031638 0.47331147515820143 -1.9817838994023498 -0.48732362249315136
-0.10893305835590703 -0.29426422360722304 1.4339066879104871 1.2181482789061133
