0.083965771848888579 -0.16622318380808704 0.030480902604765839 0.041553825287994173
0.10032227914444444 -0.0018080379098406388 -0.13827089927660158 0.02458554791252629
0.29388697808306352 0.019629507505159863 0.071780654513757453 -0.015120518456001278
0.0046945263599119441 0.021141960691094145 -0.11718202917989286 0.1754411825084824
0.13157744352604095 0.018647756933018213 -0.0056791428724726947 0.07152280530177707
-0.19149887896973 -0.16886501487576464 -0.04965911982317156 -0.22062609348347323
0.45170517238489627 -0.17429863564661324 0.1055449872968492 0.17296772399905785
-0.14197226480075029 0.010819511894009818 -0.17985774883937836 0.056000438830862184
-0.25789074208434454 0.05314499181835447 0.083912585835928838 0.0041677428708602887
0.4489431520547853 -0.22643674728307556 -0.027739611423774013 -0.022393572941520973
-0.17449556382965881 0.24874585409079619 -0.10991671448766363 0.029798916503173949
-0.012859941006653761 -0.031887273944128582 -0.02505446885037084 0.18116473593339591
0.0042960605547483731 -0.17826215470131382 -0.11073360488535354 -0.031256798933126134
-0.023740223497604747 0.066990859284405707 -0.0076392868375594319 0.088758965927558081
0.077125949311363434 -0.24809053067367043 -0.037734457447384295 0.023912766806980207
-0.21839606312695201 -0.31913686373876393 -0.010064885345372025 -0.00019976194473554643
-0.047773013268509475 -0.030433325993340546 -0.083361603231197096 0.08461874501988495
-0.29763625200429383 0.242734359649147 0.047584172038280567 -0.00038800569924922479
0.30241325430098864 -0.25016556343362267 -0.051410595017532215 -0.055843726850103859
-0.26986870291916842 0.19281566128172811 -0.042481172018427188 0.14137029322712691
0.5121391227119122 0.093986477423306833 0.15817028559355562 -0.031367594591458256
-0.19530747482741256 0.28404592095876902 -0.25901063468758667 0.059799588580607251
0.20336811450719039 -0.07304175617234121 0.067636039433145431 0.16164483778611355
-0.032756182739266393 0.097015753912150976 -0.17494727529178966 0.0077483996136989142
0.17621311892578279 0.13651798296253778 0.037395266599532642 0.012944230585115984
0.16604965558025048 0.013546229514304162 -0.04296426342285202 0.019001606255559189
-0.016868203177804592 0.26556163726162352 -0.059658674646133371 0.025701600439511078
0.25133009974308401 -0.23474970704929207 0.0013916914897140961 0.043189490203857754
-0.23053766109190402 -0.085968841448076483 -0.044688754652424077 -0.015715301269742618
-0.038807143021010161 0.2867674368562742 -0.06608248344706559 0.018541048843148729
0.2880254106666153 0.22630577834531548 0.030235673006040777 0.087644228067587843
-0.10853867101429523 0.3136375148455709 -0.1351068980234518 0.012480167025641947
-0.057064209515695116 -0.40865771938371709 0.0035985981356790589 -0.018367594007884548
-0.02910558128841953 -0.43608629811835242 -0.091640744651279624 -0.0020068147888048678
-0.081887211461041387 0.1888727448736153 -0.020537331544665756 0.20850535244912075
0.037654387849318627 0.064194328561985106 -0.053548269410429693 -0.014795300788332938
-0.069069038243624745 -0.063104765579112071 -0.044261237769128256 0.045442249635274962
0.061578604347660756 0.062289270115069739 -0.04977759720916821 0.048822067954262985
-0.21859770885887039 -0.089847363632884203 -0.0050160338580846967 0.026995606562311786
0.37075979037435847 0.0076302964054230597 0.035803683818875054 0.090286361543055874
-0.23808991277197733 0.23636349791867467 -0.10425373422087139 0.033382587163538618
0.55935724439064882 -0.21280076856287278 0.22681292905985992 -0.10408185293841496
-0.022151064044325621 0.17619002768916892 -0.3442576859432887 0.081532779195354954
-0.17409168425957106 0.13090299049487281 0.14904474755773373 0.044875341227900864
0.53458662391072165 -0.08859678661069921 -0.0009171927198525498 -0.10149302673820951
-0.0084534303822487288 0.0040187958987381207 -0.16419756937211979 0.21377982152504518
0.058376818955395857 0.19486031350638516 0.035558795933353704 -0.021863429592011319
-0.068767209928006473 -0.14190935585526346 -0.15128329014881772 0.11259982301629344
0.33437042404370931 -0.12996134772938039 0.099110025637041563 -0.0029443080643571096
-0.39383601543025004 0.3018670987599596 0.011762688810302985 -0.11889826254261421
0.32699335178219341 -0.23153974573291256 -0.061475186511957366 0.24881504770698093
0.0048734442516433635 0.36086585507589553 -0.10253971562611926 -0.0073298285514767081
-0.25577872071345509 -0.081730328987918613 0.0097523086398089084 0.029383676101020911
0.17656608688690006 -0.33768318393340357 -0.095424932133069601 0.019055775394071661
-0.045322233490927198 0.29476081612766464 -0.012976793292548958 -0.059286361965165527
0.23886612326448609 -0.0045242485522906661 -0.018220844712032613 0.17161838240437521
0.28580042868760341 0.31177639059718276 -0.0065899291440155577 -0.10686839775439953
-0.3231708955530338 0.069021005854603121 0.018035412991766198 0.054198800693930321
0.31970982850811291 -0.40514701714847678 -0.083016076802728184 0.06850381997021765
0.17874120353375073 0.22134506186938493 -0.050013861600082463 0.057225165366696043
-0.11383631486887187 0.34773108388694957 -0.074131998647014613 0.033362108714515962
0.29369883851401324 0.13409774064380375 0.022073965403122023 0.055330723684957117
0.13990960170707056 -0.10853832116149056 -0.088913673615116928 0.11953149236710946
-0.080634144874376867 -0.051840438032098098 -0.02016578522110133 0.018997836922069938
-0.40966700821144142 0.0094183184916674587 0.11712330844382877 -0.10327079836170833
0.76558821080563366 -0.30198288716859201 0.30873626090052697 -0.29807998929473012
-0.39859350224038848 0.57281581700409634 -0.34800175253988314 0.28393785953090711
0.38418115813635106 -0.27410139936724975 0.11724827359205441 0.021740328500101595
0.051881993731683632 0.016291652484381393 -0.33371125933525397 0.02245269981223319
0.20717515402288905 0.3691306668918507 0.12707761345169233 0.026956899158534914
0.22751066044728802 0.042800799688530622 -0.060499322522795711 0.11121906666724903
0.050848446469189637 -0.10170062489299514 -0.046669469557027221 0.071736491251682161
0.17411753640900923 0.15215623219045657 -0.023634901145531465 -0.037008856147415586
-0.10932594889835885 0.018776987619187314 -0.064091252953764527 0.11752644317593637
-0.018849894336338595 -0.61049316232941553 -0.041445986801092675 -0.068658523206628116
-0.34526836631161228 0.1477068839094034 0.069546037043806241 0.042080828269388859
0.70371377816539049 -0.26406444877872537 0.31789124651610784 -0.22687741594540334
-0.35782649197949523 0.37684172306847707 -0.36104554893584812 0.28845423098504436
0.012430599636351979 -0.4501043983114994 0.044126717131415027 -0.13448453422744996
0.036568801625777123 0.33887810126774115 -0.23939176395321429 0.075462091346812893
0.27759934684899434 -0.039041716438567034 0.12109539047937716 0.094466254605815592
-0.016350019967530716 0.33598730657270603 -0.095612456758430039 0.024134362523613853
0.18613320882925308 -0.21419066568771128 0.011266913727856745 0.12087665890671415
0.2642987397718749 0.03228813652270493 -0.052184731214895086 -0.074685542404104202
-0.05977744089747198 0.3338702267430077 -0.065149414100380304 0.053063619599036257
-0.09147602182616929 -0.29923113975109528 -0.021341936863580643 0.085633463406013313
0.39024136080326377 0.29254223484980457 0.041805473795628073 -0.069845148745531049
0.11347054377808949 0.22727872998729035 -0.12907941935298078 0.15780484552217652
0.5062264982661191 -0.014101563339802741 0.22758479993592096 -0.10620309596759407
-0.092826555673017883 0.082073484790184864 -0.31734506535943602 0.12464761113885059
0.2878113712094903 -0.034848031315520944 0.12162637601307066 0.063317844548753291
0.33500094646223116 0.21469574227004798 -0.11338521331301242 -0.081923613456443362
-0.013362374963926695 0.35669169975937853 -0.0522437298119484 0.050896637831978037
0.28065875082503289 -0.032249260338448126 0.030149862023320432 0.10915400656659306
0.14174129291302998 0.35020076236512121 -0.12373511608605431 0.00020983607607967525
0.098684748303006053 0.41472143224699176 -0.0055306942607618237 0.004286781260624109
-0.018882938175961938 -0.037142531621794012 -0.073254239118850581 0.16360465836778929
-0.25804968823718472 -0.72085015000750563 0.044005837908250467 -0.34117051301705364
-0.60274543867595676 -0.36037500373618708 0.26582236383766056 0.024308050920885199
-0.75211492976256022 -1.2520705634439182 0.19352495471139569 -0.88877828665468439
-0.49486001593704954 -0.67900551746387661 -0.24389621773680978 0.35751597261947854
-1.1988899180372015 -0.064095132612081246 1.0107210082445097 -0.38780849854701399
0.13614070294085123 0.30386789587955182 -1.1850044358038616 0.44923771415591385
-0.28612864839757685 -0.20453412610853119 0.52105031153765435 -0.22675285351525809
-0.18291006705686794 0.27780273355721413 -0.59506885813198873 0.060697444992511312
0.34559630522748835 -0.038048550729897906 0.39637993036055896 0.097693590008590347
0.14908002122870015 0.65777675040288452 -0.14095084517635681 -0.13459296869698492
0.46613838625569681 0.35112771992654446 0.18985104966104577 0.050677724503002557
0.095161078248698086 -0.52910272880304121 -0.29273878268373965 0.040650977091469871
0.30663613325469863 0.32552539601727987 0.11985607535790235 0.058289168732681224
-0.32148206734169055 -0.067882334425972246 -0.060135952429472589 0.00061438918466379111
0.45583338153551223 0.16916244837548941 0.053117535310754443 -0.1952330259150194
0.061095366439834424 0.21557101380178106 -0.14238249335485215 0.17557952733667223
0.2571077795641285 -0.10748387977058506 0.014673159657803574 -0.071142098821372957
0.29723644066293542 -0.10756514743054585 -0.062194227558416706 0.005108007657212703
-0.26147630217555207 0.050658613293404466 0.033958571926235644 0.036943263187498104
0.3916818349716954 -0.17609997433427677 -0.022218281591319583 -0.086256992554005846
-0.01445832849408963 0.3690219294308929 -0.12806162071550611 0.14195739630126089
-0.12815484973590746 -0.47349683640280515 -0.0037589543578349927 -0.048101686013276267
-0.12884865196222842 0.046194357665122726 -0.076797922794260801 0.16191686540001007
0.25076354365777703 0.1011882150433854 0.028458967642158845 -0.060930056134178137
-0.095777945073634102 0.29943977285662943 -0.10135317399383413 -0.058720090278720057
-0.17861346010413931 0.27643898316458515 0.0049978535297692701 0.13230626508021132
0.5319813230161593 -0.031433371034700903 0.15797275968737226 -0.1341067878931386
-0.27753507905121888 0.33383447702082664 -0.20399203135662877 0.044546168475626535
0.55622504926793792 0.064236914107096532 0.26342534264810752 -0.24710838711053518
-0.74088328496561973 0.80651649988154916 0.13731496050876141 -0.60753924602603637
0.32882255152827122 0.049078857005189783 -0.32458747300077123 0.63856092106061246
0.47594429219217788 -0.16966324239490996 0.30437607688421309 -0.35585729569657654
0.27660997847645274 0.22548124087957011 -0.39487572165373414 0.14102808254718446
-0.14032537663987557 -0.33195755151415263 0.13922592155513575 -0.0049305223498408504
-0.0066260638751858281 -0.12824716759922192 -0.14903542707780848 0.10649688882661185
-0.083425094310314779 0.21573193317947564 -0.0048610833948354616 -0.015370773854262845
-0.31130600248177975 -0.0451312911639868 0.050773724472162482 -0.034771313621013593
0.021492945594868969 -0.33589283551724214 -0.12766082044341875 0.024501902275277845
0.0040894213633476326 -0.31599535315932747 -0.0072889871470228785 0.049846686740891322
-0.34271448317855741 0.41031848226244605 -0.00022398168809369123 -0.064875757387238511
0.012133893435967096 -0.17444854437587445 -0.11204311974914574 0.046195433277790576
0.22725579734305754 -0.062425773041879185 0.059271933409512756 -0.21143408212089287
-0.10471042500162708 0.39058624077230009 -0.15453477474926272 0.12009588780917885
0.1444905834225591 0.12111727705841345 0.020987318082968262 0.079466676918898776
-0.088477240870426618 -0.17106411377841671 -0.08595318484749849 -0.085216728421354679
0.084191079475665148 -0.49606380655677013 -0.031471270815666481 -0.030280699393834772
-0.26700454646523308 -0.33957265424941951 0.015051629524488581 0.070471182208987071
0.25250137578985515 0.49457660218815791 -0.058114062569066455 -0.055622891629316891
0.041491035843400012 0.30990490022199091 -0.060093033836656609 0.066268633659708809
0.27661744957702633 -0.15027296053013578 0.010722167278681 -0.074667489644779733
-0.1510287576456191 -0.11523029136216761 -0.10224849760802025 0.026098678386941011
0.21254201693242514 -0.25939709281350043 0.0017856871368058559 0.086426806494435876
-0.24597563659832383 0.27929672057380212 -0.035543656687816436 -0.066121398365913894
0.20777580084178787 0.059196261580321603 -0.056619059017866395 -0.099519561984515045
0.026898515599209437 0.063421159093014087 -0.051707090628173275 0.22483425376595367
-0.023758411764218921 -0.19335016761581503 -0.063088404529648201 -0.020297637346084321
-0.0036612967941614481 -0.1449917140093108 -0.046742009915883342 -0.011442734744046598
0.010776686966625466 0.10909397798477871 -0.041053529032575725 0.13831067578187434
-0.025520819097196355 0.068061739295760301 -0.047561473487518519 0.038551936688322186
0.16935973181898367 0.024479829400449227 -0.020805465359682411 -0.12649208136622725
-0.083490713740733344 0.11513593516830747 -0.069598830405025638 0.10718217877683137
0.077578448513678747 -0.12996086651738281 -0.037387349916028829 0.0026630401835974482
0.038291862058541036 -0.088841074918740284 -0.063424375973082495 0.053679765379527539
-0.023834282740632054 -0.062076447174222248 -0.041976327210305267 -0.016015189365124312
0.2069921959626789 0.083924023497240888 -0.0099905435772697296 0.040841733168053486
-0.27601597457219285 -0.092708921216464624 -0.011251245083447256 -0.095840305714702867
0.32162241149893883 0.057957247406597329 -0.016164694210953581 0.11087563225645991
-0.0649658069532556 0.013886377393159342 -0.11057478629176709 0.081762923586422689
0.16316112903564151 -0.056089596801546265 -0.018670766138503672 -0.015899653614360118
-0.071361031783368778 0.063622793677888007 -0.085638205774296913 -0.014955217660394135
-0.0063145208796281868 0.057291558733413614 -0.019963548145622484 0.095239099068505223
-0.38790738866876351 0.055010110849352617 0.097852979568807841 -0.24648722400234696
0.12815345544445192 -0.45943989283875136 -0.17885398660605192 0.23637664053326299
-0.16888918508950035 -0.25766094187091687 0.029043577342372416 -0.12413108426359912
-0.48748811601173947 -0.12895363793128878 0.080365450294302532 0.015193517042117726
0.01852074374531441 -0.2581765141513862 -0.21007247708685253 0.047207850642386119
-0.65510815102886322 -0.41065380934215429 0.41667247822118197 -0.24107512119311669
-0.60138381571013777 -0.58675445462734865 -0.16140644415541977 0.011190961578816661
0.22188769259297658 0.24626284732769871 -0.058588049407486936 0.21466628550529138
-0.22243499990918542 -0.2090790239037732 -0.14293828751347265 0.014512588212968691
0.04749366112528032 0.067594652472516684 -0.095007025066485826 -0.031791509928417935
-0.022958202208132179 0.2636751254035572 0.0053719574359970433 0.02590512624315125
-0.03441351596878936 -0.075959278919409137 -0.025875396387309818 0.14820160270940436
-0.34534756564231112 -0.20495775503616165 0.071288625964863211 -0.077679058088967856
-0.20462378997537536 -0.5846282801865974 -0.11192196538832247 -0.10412881975083696
0.016679622177950694 0.093146730502205302 -0.035281010166987113 0.29208302186322543
-0.048272693828941934 0.077426645076261499 -0.093577680065629082 -0.040586063128487337
-0.26023976917331892 -0.32106456745712875 0.013670595047994234 0.0015152000141162719
-0.17930429196755457 -0.18009081991658132 -0.050308203038444493 0.025484159548735168
-0.36215668184668626 -0.29046206789994433 0.0689177924124353 -0.034533028273528173
-0.019024402697710534 0.11698761272485164 -0.17722646932783725 0.17629445420248344
0.28227954112485526 0.3845700036192975 0.12464794431416425 -0.12855511491502938
0.103828457417633 0.13632705877607548 -0.19142664266856385 0.18801057136368313
0.24780432926166107 0.21968254450910329 0.075092566794015284 -0.020753253421746665
0.11521260124702738 0.3433219158490402 -0.14653657636637171 0.02513183138569125
-0.39605788968562122 -0.046608387606738501 0.19369402378554088 0.057801995958377109
0.23192078700513064 -0.15871437167753938 -0.22763088140845819 0.09758003102281182
-0.022787330531533437 0.0024470404940598826 0.03206413552373652 0.06575107970843444
0.13056228481188129 0.18407653419725051 -0.12027709024966851 -0.020462195195865243
-0.11794231478763093 -0.21378121514492002 -0.015902798859182665 0.13011360541890771
0.11075512961466424 0.57126256005698195 -0.034487427824876141 -0.15076612848220702
0.29298768291980459 0.051494647036700335 0.024290833363222963 0.16032494628538818
-0.075450231995557268 -0.039004466603781499 -0.12066281089257423 0.11845281767387059
0.023194375616031559 -0.50526547235943708 -0.012687892890507388 -0.10018080952755976
0.020338710157863343 0.21195361950686065 -0.090899954240590691 0.16132492138350496
0.015065191704479716 0.11000441859778451 -0.026905440197045459 0.081500163228605482
-0.4018933225681347 0.12233989453189599 0.11141934245700441 -0.077575139861044903
0.37140068494252915 -0.044967958602054096 -0.074225649518886827 0.059062245042648683
-0.02040262821411936 0.023791480402830693 -0.087212235147399161 0.14430096805341253
-0.18184338867034228 0.38945646298789205 -0.043855441300396675 -0.091297351150046641
0.30928500146043209 -0.088568718958339648 -0.020204126119412316 0.069721995895027949
0.077994442136676612 0.26908484158583956 -0.065793769115550613 0.027850993892226943
-0.010353046819871682 0.12614261660136319 -0.034946844926004687 0.084072283608811915
0.27827736427083694 0.28473731927193624 -0.016948129006988125 -0.12070458963732866
-0.016016656137165162 -0.14186211400883164 -0.087546651244678086 0.21871406131935475
0.12083111850194504 -0.038860042540633848 -0.0095979449881586892 -0.056519817138553335
0.32080854468174691 -0.082187703154286987 0.0029841407361512612 -0.023232052403249152
0.062549427276614528 0.2348214024761939 -0.11096978073980952 0.077543446575914887
-0.30893392097808553 0.27204927409316049 0.10775368989431514 -0.01632801277315888
0.221631060462848 -0.29620238515639075 -0.17929821419962413 0.040158241812927056
-0.2489742038672341 0.093659895942747207 0.059168406336488372 0.06801968476571954
0.26711064874590357 0.026844167862961697 -0.077727201718031644 -0.015515144884303403
-0.20234343165388397 0.13306621510089234 -0.042751951196647667 0.053135325270767149
-0.33591702548764102 -0.50766731381858454 0.06840916921806979 -0.18043705000554136
-0.22821020647453033 -0.27151393371934202 -0.12125702083398598 0.14608580102716504
-0.063274595870216138 0.036269585316478628 -0.035564657436111195 0.063834947369839135
-0.11341269907341937 0.22020366679034717 -0.081654607952227953 0.00042279364975324196
0.28325471753607318 -0.21985423101440454 0.057994304234867906 -0.1004611556103812
0.58656411193802338 -0.36198712574967279 0.25664491822795904 -0.1085925803723173
-0.81523532094668472 0.35699396678278228 0.30170341483543933 -0.21995195033286052
-0.5349263380396958 0.046511479064792985 -0.09961618575684078 0.05858466820026792
0.18374435525749644 -0.1633670489136157 -0.29839765565671339 0.23844502829516284
-0.63001817274295246 -0.110047408272366 0.15454853082051639 -0.19396262628965039
0.11513618107596402 0.06793924770106724 -0.30517094258516436 0.12147223141884596
-0.14298543562787752 -0.053402689446121476 0.16706148917033287 0.078768985526067661
-0.057399260131086219 0.44509643786532088 -0.1739005956518353 -0.093833156302253917
-0.017545638651350538 0.11400745016757032 0.012150520374285495 0.14302514899686553
-0.1029137770674709 -0.14627564498308604 -0.031353587392567793 -0.030170826073449258
-0.47888687955249293 -0.45555073702568205 0.17045938011695758 -0.22031008740370939
-1.8735910013512844 -0.38637215361126587 3.297797959207565 -2.0053651878498311
-2.7537808527255416 0.6193198872777359 4.5005901893579043 -2.6160403016373857
1.8004440778524324 -0.47051842498194674 -2.1246042741443247 1.1773513656015049
0.96428761050370548 -0.16164315976477794 0.72018841255244359 -0.26193902352520948
